version https://git-lfs.github.com/spec/v1
oid sha256:fb6337e7e411bb7c38bece8bcc6b3b5f0d568f334a09b9c23a68d84decaa72ed
size 193454
